  0.000000E+00  0.400000E+01  0.000000E+00  0.200000E+01  0.000000E+00  0.000000E+00
  0.380000E+00  0.400000E+01  0.125000E+00  0.200000E+01  0.120000E+00  0.000000E+00
  0.380000E+00  0.500000E+01  0.125000E+00  0.300000E+01  0.120000E+00  0.100000E+01
  0.620000E+00  0.500000E+01  0.875000E+00  0.300000E+01  0.880000E+00  0.100000E+01
  0.620000E+00  0.400000E+01  0.875000E+00  0.200000E+01  0.880000E+00  0.000000E+00
  0.100000E+01  0.400000E+01  0.100000E+01  0.200000E+01  0.100000E+01  0.000000E+00
  0.100000E+01  0.400000E+01  0.100000E+01  0.200000E+01  0.100000E+01  0.000000E+00
  0.138000E+01  0.400000E+01  0.112500E+01  0.200000E+01  0.112000E+01  0.000000E+00
  0.138000E+01  0.500000E+01  0.112500E+01  0.300000E+01  0.112000E+01  0.100000E+01
  0.162000E+01  0.500000E+01  0.187500E+01  0.300000E+01  0.188000E+01  0.100000E+01
  0.162000E+01  0.400000E+01  0.187500E+01  0.200000E+01  0.188000E+01  0.000000E+00
  0.200000E+01  0.400000E+01  0.200000E+01  0.200000E+01  0.200000E+01  0.000000E+00
  0.200000E+01  0.400000E+01  0.200000E+01  0.200000E+01  0.200000E+01  0.000000E+00
  0.238000E+01  0.400000E+01  0.212500E+01  0.200000E+01  0.212000E+01  0.000000E+00
  0.238000E+01  0.500000E+01  0.212500E+01  0.300000E+01  0.212000E+01  0.100000E+01
  0.262000E+01  0.500000E+01  0.287500E+01  0.300000E+01  0.288000E+01  0.100000E+01
  0.262000E+01  0.400000E+01  0.287500E+01  0.200000E+01  0.288000E+01  0.000000E+00
  0.300000E+01  0.400000E+01  0.300000E+01  0.200000E+01  0.300000E+01  0.000000E+00
  0.300000E+01  0.400000E+01  0.300000E+01  0.200000E+01  0.300000E+01  0.000000E+00
  0.338000E+01  0.400000E+01  0.312500E+01  0.200000E+01  0.312000E+01  0.000000E+00
  0.338000E+01  0.500000E+01  0.312500E+01  0.300000E+01  0.312000E+01  0.100000E+01
  0.362000E+01  0.500000E+01  0.387500E+01  0.300000E+01  0.388000E+01  0.100000E+01
  0.362000E+01  0.400000E+01  0.387500E+01  0.200000E+01  0.388000E+01  0.000000E+00
  0.400000E+01  0.400000E+01  0.400000E+01  0.200000E+01  0.400000E+01  0.000000E+00
  0.400000E+01  0.400000E+01  0.400000E+01  0.200000E+01  0.400000E+01  0.000000E+00
  0.438000E+01  0.400000E+01  0.412500E+01  0.200000E+01  0.412000E+01  0.000000E+00
  0.438000E+01  0.500000E+01  0.412500E+01  0.300000E+01  0.412000E+01  0.100000E+01
  0.462000E+01  0.500000E+01  0.487500E+01  0.300000E+01  0.488000E+01  0.100000E+01
  0.462000E+01  0.400000E+01  0.487500E+01  0.200000E+01  0.488000E+01  0.000000E+00
  0.500000E+01  0.400000E+01  0.500000E+01  0.200000E+01  0.500000E+01  0.000000E+00
  0.500000E+01  0.400000E+01  0.500000E+01  0.200000E+01  0.500000E+01  0.000000E+00
  0.538000E+01  0.400000E+01  0.512500E+01  0.200000E+01  0.512000E+01  0.000000E+00
  0.538000E+01  0.500000E+01  0.512500E+01  0.300000E+01  0.512000E+01  0.100000E+01
  0.562000E+01  0.500000E+01  0.587500E+01  0.300000E+01  0.588000E+01  0.100000E+01
  0.562000E+01  0.400000E+01  0.587500E+01  0.200000E+01  0.588000E+01  0.000000E+00
  0.600000E+01  0.400000E+01  0.600000E+01  0.200000E+01  0.600000E+01  0.000000E+00
