  0.000000E+00  0.700000E+01  0.250000E+01 -0.500000E+00 -0.250000E+01 -0.800000E+01 -0.135000E+02  0.140000E+02  0.110000E+02  0.900000E+01
  0.526316E-01  0.700000E+01  0.250000E+01 -0.500000E+00 -0.250000E+01 -0.800000E+01 -0.135000E+02  0.140000E+02  0.110000E+02  0.900000E+01
  0.105263E+00  0.700000E+01  0.250000E+01 -0.500000E+00 -0.250000E+01 -0.800000E+01 -0.135000E+02  0.140000E+02  0.110000E+02  0.900000E+01
  0.157895E+00  0.700000E+01  0.250000E+01 -0.500000E+00 -0.250000E+01 -0.800000E+01 -0.135000E+02  0.140000E+02  0.110000E+02  0.900000E+01
  0.210526E+00  0.700000E+01  0.250000E+01 -0.500000E+00 -0.250000E+01 -0.800000E+01 -0.135000E+02  0.140000E+02  0.110000E+02  0.900000E+01
  0.263158E+00  0.700000E+01  0.250000E+01 -0.500000E+00 -0.250000E+01 -0.800000E+01 -0.135000E+02  0.140000E+02  0.110000E+02  0.900000E+01
  0.315789E+00  0.700000E+01  0.250000E+01 -0.500000E+00 -0.250000E+01 -0.800000E+01 -0.135000E+02  0.140000E+02  0.110000E+02  0.900000E+01
  0.368421E+00  0.700000E+01  0.250000E+01 -0.500000E+00 -0.250000E+01 -0.800000E+01 -0.135000E+02  0.140000E+02  0.110000E+02  0.900000E+01
  0.421053E+00  0.700000E+01  0.250000E+01 -0.500000E+00 -0.250000E+01 -0.800000E+01 -0.135000E+02  0.140000E+02  0.110000E+02  0.900000E+01
  0.473684E+00  0.700000E+01  0.250000E+01 -0.500000E+00 -0.250000E+01 -0.800000E+01 -0.135000E+02  0.140000E+02  0.110000E+02  0.900000E+01
  0.526316E+00  0.700000E+01  0.250000E+01 -0.500000E+00 -0.250000E+01 -0.800000E+01 -0.135000E+02  0.140000E+02  0.110000E+02  0.900000E+01
  0.578947E+00  0.700000E+01  0.250000E+01 -0.500000E+00 -0.250000E+01 -0.800000E+01 -0.135000E+02  0.140000E+02  0.110000E+02  0.900000E+01
  0.631579E+00  0.700000E+01  0.250000E+01 -0.500000E+00 -0.250000E+01 -0.800000E+01 -0.135000E+02  0.140000E+02  0.110000E+02  0.900000E+01
  0.684211E+00  0.700000E+01  0.250000E+01 -0.500000E+00 -0.250000E+01 -0.800000E+01 -0.135000E+02  0.140000E+02  0.110000E+02  0.900000E+01
  0.736842E+00  0.700000E+01  0.250000E+01 -0.500000E+00 -0.250000E+01 -0.800000E+01 -0.135000E+02  0.140000E+02  0.110000E+02  0.900000E+01
  0.789474E+00  0.700000E+01  0.250000E+01 -0.500000E+00 -0.250000E+01 -0.800000E+01 -0.135000E+02  0.140000E+02  0.110000E+02  0.900000E+01
  0.842105E+00  0.700000E+01  0.250000E+01 -0.500000E+00 -0.250000E+01 -0.800000E+01 -0.135000E+02  0.140000E+02  0.110000E+02  0.900000E+01
  0.894737E+00  0.700000E+01  0.250000E+01 -0.500000E+00 -0.250000E+01 -0.800000E+01 -0.135000E+02  0.140000E+02  0.110000E+02  0.900000E+01
  0.947368E+00  0.700000E+01  0.250000E+01 -0.500000E+00 -0.250000E+01 -0.800000E+01 -0.135000E+02  0.140000E+02  0.110000E+02  0.900000E+01
  0.100000E+01  0.700000E+01  0.250000E+01 -0.500000E+00 -0.250000E+01 -0.800000E+01 -0.135000E+02  0.140000E+02  0.110000E+02  0.900000E+01
  0.100000E+01  0.650000E+01  0.350000E+01 -0.100000E+01 -0.400000E+01 -0.650000E+01 -0.135000E+02  0.140000E+02  0.120000E+02  0.900000E+01
  0.105263E+01  0.650000E+01  0.350000E+01 -0.100000E+01 -0.400000E+01 -0.650000E+01 -0.135000E+02  0.140000E+02  0.120000E+02  0.900000E+01
  0.110526E+01  0.650000E+01  0.350000E+01 -0.100000E+01 -0.400000E+01 -0.650000E+01 -0.135000E+02  0.140000E+02  0.120000E+02  0.900000E+01
  0.115789E+01  0.650000E+01  0.350000E+01 -0.100000E+01 -0.400000E+01 -0.650000E+01 -0.135000E+02  0.140000E+02  0.120000E+02  0.900000E+01
  0.121053E+01  0.650000E+01  0.350000E+01 -0.100000E+01 -0.400000E+01 -0.650000E+01 -0.135000E+02  0.140000E+02  0.120000E+02  0.900000E+01
  0.126316E+01  0.650000E+01  0.350000E+01 -0.100000E+01 -0.400000E+01 -0.650000E+01 -0.135000E+02  0.140000E+02  0.120000E+02  0.900000E+01
  0.131579E+01  0.650000E+01  0.350000E+01 -0.100000E+01 -0.400000E+01 -0.650000E+01 -0.135000E+02  0.140000E+02  0.120000E+02  0.900000E+01
  0.136842E+01  0.650000E+01  0.350000E+01 -0.100000E+01 -0.400000E+01 -0.650000E+01 -0.135000E+02  0.140000E+02  0.120000E+02  0.900000E+01
  0.142105E+01  0.650000E+01  0.350000E+01 -0.100000E+01 -0.400000E+01 -0.650000E+01 -0.135000E+02  0.140000E+02  0.120000E+02  0.900000E+01
  0.147368E+01  0.650000E+01  0.350000E+01 -0.100000E+01 -0.400000E+01 -0.650000E+01 -0.135000E+02  0.140000E+02  0.120000E+02  0.900000E+01
  0.152632E+01  0.650000E+01  0.350000E+01 -0.100000E+01 -0.400000E+01 -0.650000E+01 -0.135000E+02  0.140000E+02  0.120000E+02  0.900000E+01
  0.157895E+01  0.650000E+01  0.350000E+01 -0.100000E+01 -0.400000E+01 -0.650000E+01 -0.135000E+02  0.140000E+02  0.120000E+02  0.900000E+01
  0.163158E+01  0.650000E+01  0.350000E+01 -0.100000E+01 -0.400000E+01 -0.650000E+01 -0.135000E+02  0.140000E+02  0.120000E+02  0.900000E+01
  0.168421E+01  0.650000E+01  0.350000E+01 -0.100000E+01 -0.400000E+01 -0.650000E+01 -0.135000E+02  0.140000E+02  0.120000E+02  0.900000E+01
  0.173684E+01  0.650000E+01  0.350000E+01 -0.100000E+01 -0.400000E+01 -0.650000E+01 -0.135000E+02  0.140000E+02  0.120000E+02  0.900000E+01
  0.178947E+01  0.650000E+01  0.350000E+01 -0.100000E+01 -0.400000E+01 -0.650000E+01 -0.135000E+02  0.140000E+02  0.120000E+02  0.900000E+01
  0.184211E+01  0.650000E+01  0.350000E+01 -0.100000E+01 -0.400000E+01 -0.650000E+01 -0.135000E+02  0.140000E+02  0.120000E+02  0.900000E+01
  0.189474E+01  0.650000E+01  0.350000E+01 -0.100000E+01 -0.400000E+01 -0.650000E+01 -0.135000E+02  0.140000E+02  0.120000E+02  0.900000E+01
  0.194737E+01  0.650000E+01  0.350000E+01 -0.100000E+01 -0.400000E+01 -0.650000E+01 -0.135000E+02  0.140000E+02  0.120000E+02  0.900000E+01
  0.200000E+01  0.650000E+01  0.350000E+01 -0.100000E+01 -0.400000E+01 -0.650000E+01 -0.135000E+02  0.140000E+02  0.120000E+02  0.900000E+01
  0.200000E+01  0.550000E+01  0.400000E+01 -0.500000E+00 -0.550000E+01 -0.650000E+01 -0.120000E+02  0.130000E+02  0.120000E+02  0.900000E+01
  0.205263E+01  0.550000E+01  0.400000E+01 -0.500000E+00 -0.550000E+01 -0.650000E+01 -0.120000E+02  0.130000E+02  0.120000E+02  0.900000E+01
  0.210526E+01  0.550000E+01  0.400000E+01 -0.500000E+00 -0.550000E+01 -0.650000E+01 -0.120000E+02  0.130000E+02  0.120000E+02  0.900000E+01
  0.215789E+01  0.550000E+01  0.400000E+01 -0.500000E+00 -0.550000E+01 -0.650000E+01 -0.120000E+02  0.130000E+02  0.120000E+02  0.900000E+01
  0.221053E+01  0.550000E+01  0.400000E+01 -0.500000E+00 -0.550000E+01 -0.650000E+01 -0.120000E+02  0.130000E+02  0.120000E+02  0.900000E+01
  0.226316E+01  0.550000E+01  0.400000E+01 -0.500000E+00 -0.550000E+01 -0.650000E+01 -0.120000E+02  0.130000E+02  0.120000E+02  0.900000E+01
  0.231579E+01  0.550000E+01  0.400000E+01 -0.500000E+00 -0.550000E+01 -0.650000E+01 -0.120000E+02  0.130000E+02  0.120000E+02  0.900000E+01
  0.236842E+01  0.550000E+01  0.400000E+01 -0.500000E+00 -0.550000E+01 -0.650000E+01 -0.120000E+02  0.130000E+02  0.120000E+02  0.900000E+01
  0.242105E+01  0.550000E+01  0.400000E+01 -0.500000E+00 -0.550000E+01 -0.650000E+01 -0.120000E+02  0.130000E+02  0.120000E+02  0.900000E+01
  0.247368E+01  0.550000E+01  0.400000E+01 -0.500000E+00 -0.550000E+01 -0.650000E+01 -0.120000E+02  0.130000E+02  0.120000E+02  0.900000E+01
  0.252632E+01  0.550000E+01  0.400000E+01 -0.500000E+00 -0.550000E+01 -0.650000E+01 -0.120000E+02  0.130000E+02  0.120000E+02  0.900000E+01
  0.257895E+01  0.550000E+01  0.400000E+01 -0.500000E+00 -0.550000E+01 -0.650000E+01 -0.120000E+02  0.130000E+02  0.120000E+02  0.900000E+01
  0.263158E+01  0.550000E+01  0.400000E+01 -0.500000E+00 -0.550000E+01 -0.650000E+01 -0.120000E+02  0.130000E+02  0.120000E+02  0.900000E+01
  0.268421E+01  0.550000E+01  0.400000E+01 -0.500000E+00 -0.550000E+01 -0.650000E+01 -0.120000E+02  0.130000E+02  0.120000E+02  0.900000E+01
  0.273684E+01  0.550000E+01  0.400000E+01 -0.500000E+00 -0.550000E+01 -0.650000E+01 -0.120000E+02  0.130000E+02  0.120000E+02  0.900000E+01
  0.278947E+01  0.550000E+01  0.400000E+01 -0.500000E+00 -0.550000E+01 -0.650000E+01 -0.120000E+02  0.130000E+02  0.120000E+02  0.900000E+01
  0.284211E+01  0.550000E+01  0.400000E+01 -0.500000E+00 -0.550000E+01 -0.650000E+01 -0.120000E+02  0.130000E+02  0.120000E+02  0.900000E+01
  0.289474E+01  0.550000E+01  0.400000E+01 -0.500000E+00 -0.550000E+01 -0.650000E+01 -0.120000E+02  0.130000E+02  0.120000E+02  0.900000E+01
  0.294737E+01  0.550000E+01  0.400000E+01 -0.500000E+00 -0.550000E+01 -0.650000E+01 -0.120000E+02  0.130000E+02  0.120000E+02  0.900000E+01
  0.300000E+01  0.550000E+01  0.400000E+01 -0.500000E+00 -0.550000E+01 -0.650000E+01 -0.120000E+02  0.130000E+02  0.120000E+02  0.900000E+01
  0.300000E+01  0.500000E+01  0.350000E+01  0.500000E+00 -0.550000E+01 -0.800000E+01 -0.105000E+02  0.130000E+02  0.120000E+02  0.100000E+02
  0.305263E+01  0.500000E+01  0.350000E+01  0.500000E+00 -0.550000E+01 -0.800000E+01 -0.105000E+02  0.130000E+02  0.120000E+02  0.100000E+02
  0.310526E+01  0.500000E+01  0.350000E+01  0.500000E+00 -0.550000E+01 -0.800000E+01 -0.105000E+02  0.130000E+02  0.120000E+02  0.100000E+02
  0.315789E+01  0.500000E+01  0.350000E+01  0.500000E+00 -0.550000E+01 -0.800000E+01 -0.105000E+02  0.130000E+02  0.120000E+02  0.100000E+02
  0.321053E+01  0.500000E+01  0.350000E+01  0.500000E+00 -0.550000E+01 -0.800000E+01 -0.105000E+02  0.130000E+02  0.120000E+02  0.100000E+02
  0.326316E+01  0.500000E+01  0.350000E+01  0.500000E+00 -0.550000E+01 -0.800000E+01 -0.105000E+02  0.130000E+02  0.120000E+02  0.100000E+02
  0.331579E+01  0.500000E+01  0.350000E+01  0.500000E+00 -0.550000E+01 -0.800000E+01 -0.105000E+02  0.130000E+02  0.120000E+02  0.100000E+02
  0.336842E+01  0.500000E+01  0.350000E+01  0.500000E+00 -0.550000E+01 -0.800000E+01 -0.105000E+02  0.130000E+02  0.120000E+02  0.100000E+02
  0.342105E+01  0.500000E+01  0.350000E+01  0.500000E+00 -0.550000E+01 -0.800000E+01 -0.105000E+02  0.130000E+02  0.120000E+02  0.100000E+02
  0.347368E+01  0.500000E+01  0.350000E+01  0.500000E+00 -0.550000E+01 -0.800000E+01 -0.105000E+02  0.130000E+02  0.120000E+02  0.100000E+02
  0.352632E+01  0.500000E+01  0.350000E+01  0.500000E+00 -0.550000E+01 -0.800000E+01 -0.105000E+02  0.130000E+02  0.120000E+02  0.100000E+02
  0.357895E+01  0.500000E+01  0.350000E+01  0.500000E+00 -0.550000E+01 -0.800000E+01 -0.105000E+02  0.130000E+02  0.120000E+02  0.100000E+02
  0.363158E+01  0.500000E+01  0.350000E+01  0.500000E+00 -0.550000E+01 -0.800000E+01 -0.105000E+02  0.130000E+02  0.120000E+02  0.100000E+02
  0.368421E+01  0.500000E+01  0.350000E+01  0.500000E+00 -0.550000E+01 -0.800000E+01 -0.105000E+02  0.130000E+02  0.120000E+02  0.100000E+02
  0.373684E+01  0.500000E+01  0.350000E+01  0.500000E+00 -0.550000E+01 -0.800000E+01 -0.105000E+02  0.130000E+02  0.120000E+02  0.100000E+02
  0.378947E+01  0.500000E+01  0.350000E+01  0.500000E+00 -0.550000E+01 -0.800000E+01 -0.105000E+02  0.130000E+02  0.120000E+02  0.100000E+02
  0.384211E+01  0.500000E+01  0.350000E+01  0.500000E+00 -0.550000E+01 -0.800000E+01 -0.105000E+02  0.130000E+02  0.120000E+02  0.100000E+02
  0.389474E+01  0.500000E+01  0.350000E+01  0.500000E+00 -0.550000E+01 -0.800000E+01 -0.105000E+02  0.130000E+02  0.120000E+02  0.100000E+02
  0.394737E+01  0.500000E+01  0.350000E+01  0.500000E+00 -0.550000E+01 -0.800000E+01 -0.105000E+02  0.130000E+02  0.120000E+02  0.100000E+02
  0.400000E+01  0.500000E+01  0.350000E+01  0.500000E+00 -0.550000E+01 -0.800000E+01 -0.105000E+02  0.130000E+02  0.120000E+02  0.100000E+02
  0.400000E+01  0.550000E+01  0.250000E+01  0.100000E+01 -0.400000E+01 -0.950000E+01 -0.105000E+02  0.130000E+02  0.110000E+02  0.100000E+02
  0.405263E+01  0.550000E+01  0.250000E+01  0.100000E+01 -0.400000E+01 -0.950000E+01 -0.105000E+02  0.130000E+02  0.110000E+02  0.100000E+02
  0.410526E+01  0.550000E+01  0.250000E+01  0.100000E+01 -0.400000E+01 -0.950000E+01 -0.105000E+02  0.130000E+02  0.110000E+02  0.100000E+02
  0.415789E+01  0.550000E+01  0.250000E+01  0.100000E+01 -0.400000E+01 -0.950000E+01 -0.105000E+02  0.130000E+02  0.110000E+02  0.100000E+02
  0.421053E+01  0.550000E+01  0.250000E+01  0.100000E+01 -0.400000E+01 -0.950000E+01 -0.105000E+02  0.130000E+02  0.110000E+02  0.100000E+02
  0.426316E+01  0.550000E+01  0.250000E+01  0.100000E+01 -0.400000E+01 -0.950000E+01 -0.105000E+02  0.130000E+02  0.110000E+02  0.100000E+02
  0.431579E+01  0.550000E+01  0.250000E+01  0.100000E+01 -0.400000E+01 -0.950000E+01 -0.105000E+02  0.130000E+02  0.110000E+02  0.100000E+02
  0.436842E+01  0.550000E+01  0.250000E+01  0.100000E+01 -0.400000E+01 -0.950000E+01 -0.105000E+02  0.130000E+02  0.110000E+02  0.100000E+02
  0.442105E+01  0.550000E+01  0.250000E+01  0.100000E+01 -0.400000E+01 -0.950000E+01 -0.105000E+02  0.130000E+02  0.110000E+02  0.100000E+02
  0.447368E+01  0.550000E+01  0.250000E+01  0.100000E+01 -0.400000E+01 -0.950000E+01 -0.105000E+02  0.130000E+02  0.110000E+02  0.100000E+02
  0.452632E+01  0.550000E+01  0.250000E+01  0.100000E+01 -0.400000E+01 -0.950000E+01 -0.105000E+02  0.130000E+02  0.110000E+02  0.100000E+02
  0.457895E+01  0.550000E+01  0.250000E+01  0.100000E+01 -0.400000E+01 -0.950000E+01 -0.105000E+02  0.130000E+02  0.110000E+02  0.100000E+02
  0.463158E+01  0.550000E+01  0.250000E+01  0.100000E+01 -0.400000E+01 -0.950000E+01 -0.105000E+02  0.130000E+02  0.110000E+02  0.100000E+02
  0.468421E+01  0.550000E+01  0.250000E+01  0.100000E+01 -0.400000E+01 -0.950000E+01 -0.105000E+02  0.130000E+02  0.110000E+02  0.100000E+02
  0.473684E+01  0.550000E+01  0.250000E+01  0.100000E+01 -0.400000E+01 -0.950000E+01 -0.105000E+02  0.130000E+02  0.110000E+02  0.100000E+02
  0.478947E+01  0.550000E+01  0.250000E+01  0.100000E+01 -0.400000E+01 -0.950000E+01 -0.105000E+02  0.130000E+02  0.110000E+02  0.100000E+02
  0.484211E+01  0.550000E+01  0.250000E+01  0.100000E+01 -0.400000E+01 -0.950000E+01 -0.105000E+02  0.130000E+02  0.110000E+02  0.100000E+02
  0.489474E+01  0.550000E+01  0.250000E+01  0.100000E+01 -0.400000E+01 -0.950000E+01 -0.105000E+02  0.130000E+02  0.110000E+02  0.100000E+02
  0.494737E+01  0.550000E+01  0.250000E+01  0.100000E+01 -0.400000E+01 -0.950000E+01 -0.105000E+02  0.130000E+02  0.110000E+02  0.100000E+02
  0.500000E+01  0.550000E+01  0.250000E+01  0.100000E+01 -0.400000E+01 -0.950000E+01 -0.105000E+02  0.130000E+02  0.110000E+02  0.100000E+02
  0.500000E+01  0.650000E+01  0.200000E+01  0.500000E+00 -0.250000E+01 -0.950000E+01 -0.120000E+02  0.140000E+02  0.110000E+02  0.100000E+02
  0.505263E+01  0.650000E+01  0.200000E+01  0.500000E+00 -0.250000E+01 -0.950000E+01 -0.120000E+02  0.140000E+02  0.110000E+02  0.100000E+02
  0.510526E+01  0.650000E+01  0.200000E+01  0.500000E+00 -0.250000E+01 -0.950000E+01 -0.120000E+02  0.140000E+02  0.110000E+02  0.100000E+02
  0.515789E+01  0.650000E+01  0.200000E+01  0.500000E+00 -0.250000E+01 -0.950000E+01 -0.120000E+02  0.140000E+02  0.110000E+02  0.100000E+02
  0.521053E+01  0.650000E+01  0.200000E+01  0.500000E+00 -0.250000E+01 -0.950000E+01 -0.120000E+02  0.140000E+02  0.110000E+02  0.100000E+02
  0.526316E+01  0.650000E+01  0.200000E+01  0.500000E+00 -0.250000E+01 -0.950000E+01 -0.120000E+02  0.140000E+02  0.110000E+02  0.100000E+02
  0.531579E+01  0.650000E+01  0.200000E+01  0.500000E+00 -0.250000E+01 -0.950000E+01 -0.120000E+02  0.140000E+02  0.110000E+02  0.100000E+02
  0.536842E+01  0.650000E+01  0.200000E+01  0.500000E+00 -0.250000E+01 -0.950000E+01 -0.120000E+02  0.140000E+02  0.110000E+02  0.100000E+02
  0.542105E+01  0.650000E+01  0.200000E+01  0.500000E+00 -0.250000E+01 -0.950000E+01 -0.120000E+02  0.140000E+02  0.110000E+02  0.100000E+02
  0.547368E+01  0.650000E+01  0.200000E+01  0.500000E+00 -0.250000E+01 -0.950000E+01 -0.120000E+02  0.140000E+02  0.110000E+02  0.100000E+02
  0.552632E+01  0.650000E+01  0.200000E+01  0.500000E+00 -0.250000E+01 -0.950000E+01 -0.120000E+02  0.140000E+02  0.110000E+02  0.100000E+02
  0.557895E+01  0.650000E+01  0.200000E+01  0.500000E+00 -0.250000E+01 -0.950000E+01 -0.120000E+02  0.140000E+02  0.110000E+02  0.100000E+02
  0.563158E+01  0.650000E+01  0.200000E+01  0.500000E+00 -0.250000E+01 -0.950000E+01 -0.120000E+02  0.140000E+02  0.110000E+02  0.100000E+02
  0.568421E+01  0.650000E+01  0.200000E+01  0.500000E+00 -0.250000E+01 -0.950000E+01 -0.120000E+02  0.140000E+02  0.110000E+02  0.100000E+02
  0.573684E+01  0.650000E+01  0.200000E+01  0.500000E+00 -0.250000E+01 -0.950000E+01 -0.120000E+02  0.140000E+02  0.110000E+02  0.100000E+02
  0.578947E+01  0.650000E+01  0.200000E+01  0.500000E+00 -0.250000E+01 -0.950000E+01 -0.120000E+02  0.140000E+02  0.110000E+02  0.100000E+02
  0.584211E+01  0.650000E+01  0.200000E+01  0.500000E+00 -0.250000E+01 -0.950000E+01 -0.120000E+02  0.140000E+02  0.110000E+02  0.100000E+02
  0.589474E+01  0.650000E+01  0.200000E+01  0.500000E+00 -0.250000E+01 -0.950000E+01 -0.120000E+02  0.140000E+02  0.110000E+02  0.100000E+02
  0.594737E+01  0.650000E+01  0.200000E+01  0.500000E+00 -0.250000E+01 -0.950000E+01 -0.120000E+02  0.140000E+02  0.110000E+02  0.100000E+02
  0.600000E+01  0.650000E+01  0.200000E+01  0.500000E+00 -0.250000E+01 -0.950000E+01 -0.120000E+02  0.140000E+02  0.110000E+02  0.100000E+02
  0.600000E+01  0.700000E+01  0.250000E+01 -0.500000E+00 -0.250000E+01 -0.800000E+01 -0.135000E+02  0.140000E+02  0.110000E+02  0.900000E+01
  0.605263E+01  0.700000E+01  0.250000E+01 -0.500000E+00 -0.250000E+01 -0.800000E+01 -0.135000E+02  0.140000E+02  0.110000E+02  0.900000E+01
  0.610526E+01  0.700000E+01  0.250000E+01 -0.500000E+00 -0.250000E+01 -0.800000E+01 -0.135000E+02  0.140000E+02  0.110000E+02  0.900000E+01
  0.615789E+01  0.700000E+01  0.250000E+01 -0.500000E+00 -0.250000E+01 -0.800000E+01 -0.135000E+02  0.140000E+02  0.110000E+02  0.900000E+01
  0.621053E+01  0.700000E+01  0.250000E+01 -0.500000E+00 -0.250000E+01 -0.800000E+01 -0.135000E+02  0.140000E+02  0.110000E+02  0.900000E+01
  0.626316E+01  0.700000E+01  0.250000E+01 -0.500000E+00 -0.250000E+01 -0.800000E+01 -0.135000E+02  0.140000E+02  0.110000E+02  0.900000E+01
  0.631579E+01  0.700000E+01  0.250000E+01 -0.500000E+00 -0.250000E+01 -0.800000E+01 -0.135000E+02  0.140000E+02  0.110000E+02  0.900000E+01
  0.636842E+01  0.700000E+01  0.250000E+01 -0.500000E+00 -0.250000E+01 -0.800000E+01 -0.135000E+02  0.140000E+02  0.110000E+02  0.900000E+01
  0.642105E+01  0.700000E+01  0.250000E+01 -0.500000E+00 -0.250000E+01 -0.800000E+01 -0.135000E+02  0.140000E+02  0.110000E+02  0.900000E+01
  0.647368E+01  0.700000E+01  0.250000E+01 -0.500000E+00 -0.250000E+01 -0.800000E+01 -0.135000E+02  0.140000E+02  0.110000E+02  0.900000E+01
  0.652632E+01  0.700000E+01  0.250000E+01 -0.500000E+00 -0.250000E+01 -0.800000E+01 -0.135000E+02  0.140000E+02  0.110000E+02  0.900000E+01
  0.657895E+01  0.700000E+01  0.250000E+01 -0.500000E+00 -0.250000E+01 -0.800000E+01 -0.135000E+02  0.140000E+02  0.110000E+02  0.900000E+01
  0.663158E+01  0.700000E+01  0.250000E+01 -0.500000E+00 -0.250000E+01 -0.800000E+01 -0.135000E+02  0.140000E+02  0.110000E+02  0.900000E+01
  0.668421E+01  0.700000E+01  0.250000E+01 -0.500000E+00 -0.250000E+01 -0.800000E+01 -0.135000E+02  0.140000E+02  0.110000E+02  0.900000E+01
  0.673684E+01  0.700000E+01  0.250000E+01 -0.500000E+00 -0.250000E+01 -0.800000E+01 -0.135000E+02  0.140000E+02  0.110000E+02  0.900000E+01
  0.678947E+01  0.700000E+01  0.250000E+01 -0.500000E+00 -0.250000E+01 -0.800000E+01 -0.135000E+02  0.140000E+02  0.110000E+02  0.900000E+01
  0.684211E+01  0.700000E+01  0.250000E+01 -0.500000E+00 -0.250000E+01 -0.800000E+01 -0.135000E+02  0.140000E+02  0.110000E+02  0.900000E+01
  0.689474E+01  0.700000E+01  0.250000E+01 -0.500000E+00 -0.250000E+01 -0.800000E+01 -0.135000E+02  0.140000E+02  0.110000E+02  0.900000E+01
  0.694737E+01  0.700000E+01  0.250000E+01 -0.500000E+00 -0.250000E+01 -0.800000E+01 -0.135000E+02  0.140000E+02  0.110000E+02  0.900000E+01
  0.700000E+01  0.700000E+01  0.250000E+01 -0.500000E+00 -0.250000E+01 -0.800000E+01 -0.135000E+02  0.140000E+02  0.110000E+02  0.900000E+01
  0.700000E+01  0.650000E+01  0.350000E+01 -0.100000E+01 -0.400000E+01 -0.650000E+01 -0.135000E+02  0.140000E+02  0.120000E+02  0.900000E+01
  0.705263E+01  0.650000E+01  0.350000E+01 -0.100000E+01 -0.400000E+01 -0.650000E+01 -0.135000E+02  0.140000E+02  0.120000E+02  0.900000E+01
  0.710526E+01  0.650000E+01  0.350000E+01 -0.100000E+01 -0.400000E+01 -0.650000E+01 -0.135000E+02  0.140000E+02  0.120000E+02  0.900000E+01
  0.715789E+01  0.650000E+01  0.350000E+01 -0.100000E+01 -0.400000E+01 -0.650000E+01 -0.135000E+02  0.140000E+02  0.120000E+02  0.900000E+01
  0.721053E+01  0.650000E+01  0.350000E+01 -0.100000E+01 -0.400000E+01 -0.650000E+01 -0.135000E+02  0.140000E+02  0.120000E+02  0.900000E+01
  0.726316E+01  0.650000E+01  0.350000E+01 -0.100000E+01 -0.400000E+01 -0.650000E+01 -0.135000E+02  0.140000E+02  0.120000E+02  0.900000E+01
  0.731579E+01  0.650000E+01  0.350000E+01 -0.100000E+01 -0.400000E+01 -0.650000E+01 -0.135000E+02  0.140000E+02  0.120000E+02  0.900000E+01
  0.736842E+01  0.650000E+01  0.350000E+01 -0.100000E+01 -0.400000E+01 -0.650000E+01 -0.135000E+02  0.140000E+02  0.120000E+02  0.900000E+01
  0.742105E+01  0.650000E+01  0.350000E+01 -0.100000E+01 -0.400000E+01 -0.650000E+01 -0.135000E+02  0.140000E+02  0.120000E+02  0.900000E+01
  0.747368E+01  0.650000E+01  0.350000E+01 -0.100000E+01 -0.400000E+01 -0.650000E+01 -0.135000E+02  0.140000E+02  0.120000E+02  0.900000E+01
  0.752632E+01  0.650000E+01  0.350000E+01 -0.100000E+01 -0.400000E+01 -0.650000E+01 -0.135000E+02  0.140000E+02  0.120000E+02  0.900000E+01
  0.757895E+01  0.650000E+01  0.350000E+01 -0.100000E+01 -0.400000E+01 -0.650000E+01 -0.135000E+02  0.140000E+02  0.120000E+02  0.900000E+01
  0.763158E+01  0.650000E+01  0.350000E+01 -0.100000E+01 -0.400000E+01 -0.650000E+01 -0.135000E+02  0.140000E+02  0.120000E+02  0.900000E+01
  0.768421E+01  0.650000E+01  0.350000E+01 -0.100000E+01 -0.400000E+01 -0.650000E+01 -0.135000E+02  0.140000E+02  0.120000E+02  0.900000E+01
  0.773684E+01  0.650000E+01  0.350000E+01 -0.100000E+01 -0.400000E+01 -0.650000E+01 -0.135000E+02  0.140000E+02  0.120000E+02  0.900000E+01
  0.778947E+01  0.650000E+01  0.350000E+01 -0.100000E+01 -0.400000E+01 -0.650000E+01 -0.135000E+02  0.140000E+02  0.120000E+02  0.900000E+01
  0.784211E+01  0.650000E+01  0.350000E+01 -0.100000E+01 -0.400000E+01 -0.650000E+01 -0.135000E+02  0.140000E+02  0.120000E+02  0.900000E+01
  0.789474E+01  0.650000E+01  0.350000E+01 -0.100000E+01 -0.400000E+01 -0.650000E+01 -0.135000E+02  0.140000E+02  0.120000E+02  0.900000E+01
  0.794737E+01  0.650000E+01  0.350000E+01 -0.100000E+01 -0.400000E+01 -0.650000E+01 -0.135000E+02  0.140000E+02  0.120000E+02  0.900000E+01
  0.800000E+01  0.650000E+01  0.350000E+01 -0.100000E+01 -0.400000E+01 -0.650000E+01 -0.135000E+02  0.140000E+02  0.120000E+02  0.900000E+01
  0.800000E+01  0.550000E+01  0.400000E+01 -0.500000E+00 -0.550000E+01 -0.650000E+01 -0.120000E+02  0.130000E+02  0.120000E+02  0.900000E+01
  0.805263E+01  0.550000E+01  0.400000E+01 -0.500000E+00 -0.550000E+01 -0.650000E+01 -0.120000E+02  0.130000E+02  0.120000E+02  0.900000E+01
  0.810526E+01  0.550000E+01  0.400000E+01 -0.500000E+00 -0.550000E+01 -0.650000E+01 -0.120000E+02  0.130000E+02  0.120000E+02  0.900000E+01
  0.815789E+01  0.550000E+01  0.400000E+01 -0.500000E+00 -0.550000E+01 -0.650000E+01 -0.120000E+02  0.130000E+02  0.120000E+02  0.900000E+01
  0.821053E+01  0.550000E+01  0.400000E+01 -0.500000E+00 -0.550000E+01 -0.650000E+01 -0.120000E+02  0.130000E+02  0.120000E+02  0.900000E+01
  0.826316E+01  0.550000E+01  0.400000E+01 -0.500000E+00 -0.550000E+01 -0.650000E+01 -0.120000E+02  0.130000E+02  0.120000E+02  0.900000E+01
  0.831579E+01  0.550000E+01  0.400000E+01 -0.500000E+00 -0.550000E+01 -0.650000E+01 -0.120000E+02  0.130000E+02  0.120000E+02  0.900000E+01
  0.836842E+01  0.550000E+01  0.400000E+01 -0.500000E+00 -0.550000E+01 -0.650000E+01 -0.120000E+02  0.130000E+02  0.120000E+02  0.900000E+01
  0.842105E+01  0.550000E+01  0.400000E+01 -0.500000E+00 -0.550000E+01 -0.650000E+01 -0.120000E+02  0.130000E+02  0.120000E+02  0.900000E+01
  0.847368E+01  0.550000E+01  0.400000E+01 -0.500000E+00 -0.550000E+01 -0.650000E+01 -0.120000E+02  0.130000E+02  0.120000E+02  0.900000E+01
  0.852632E+01  0.550000E+01  0.400000E+01 -0.500000E+00 -0.550000E+01 -0.650000E+01 -0.120000E+02  0.130000E+02  0.120000E+02  0.900000E+01
  0.857895E+01  0.550000E+01  0.400000E+01 -0.500000E+00 -0.550000E+01 -0.650000E+01 -0.120000E+02  0.130000E+02  0.120000E+02  0.900000E+01
  0.863158E+01  0.550000E+01  0.400000E+01 -0.500000E+00 -0.550000E+01 -0.650000E+01 -0.120000E+02  0.130000E+02  0.120000E+02  0.900000E+01
  0.868421E+01  0.550000E+01  0.400000E+01 -0.500000E+00 -0.550000E+01 -0.650000E+01 -0.120000E+02  0.130000E+02  0.120000E+02  0.900000E+01
  0.873684E+01  0.550000E+01  0.400000E+01 -0.500000E+00 -0.550000E+01 -0.650000E+01 -0.120000E+02  0.130000E+02  0.120000E+02  0.900000E+01
  0.878947E+01  0.550000E+01  0.400000E+01 -0.500000E+00 -0.550000E+01 -0.650000E+01 -0.120000E+02  0.130000E+02  0.120000E+02  0.900000E+01
  0.884211E+01  0.550000E+01  0.400000E+01 -0.500000E+00 -0.550000E+01 -0.650000E+01 -0.120000E+02  0.130000E+02  0.120000E+02  0.900000E+01
  0.889474E+01  0.550000E+01  0.400000E+01 -0.500000E+00 -0.550000E+01 -0.650000E+01 -0.120000E+02  0.130000E+02  0.120000E+02  0.900000E+01
  0.894737E+01  0.550000E+01  0.400000E+01 -0.500000E+00 -0.550000E+01 -0.650000E+01 -0.120000E+02  0.130000E+02  0.120000E+02  0.900000E+01
  0.900000E+01  0.550000E+01  0.400000E+01 -0.500000E+00 -0.550000E+01 -0.650000E+01 -0.120000E+02  0.130000E+02  0.120000E+02  0.900000E+01
  0.900000E+01  0.600000E+01  0.300000E+01  0.000000E+00 -0.400000E+01 -0.800000E+01 -0.120000E+02  0.130000E+02  0.110000E+02  0.900000E+01
  0.000000E+00  0.600000E+01  0.300000E+01  0.000000E+00 -0.400000E+01 -0.800000E+01 -0.120000E+02  0.130000E+02  0.110000E+02  0.900000E+01
